1:"$Sreact.fragment"
2:I[8001,["1","static/chunks/1-41281e7e1262fe42.js","772","static/chunks/772-8511f27181fb60aa.js","937","static/chunks/app/kontakt/page-39de83b7b47d716c.js"],""]
4:I[9793,["1","static/chunks/1-41281e7e1262fe42.js","772","static/chunks/772-8511f27181fb60aa.js","382","static/chunks/382-b3144c2273be961b.js","919","static/chunks/919-a040c4c6a0b23be3.js","657","static/chunks/657-79a4b55d010ea657.js","177","static/chunks/app/layout-1223cd4aa890d035.js"],"CartButton"]
5:I[4182,["1","static/chunks/1-41281e7e1262fe42.js","772","static/chunks/772-8511f27181fb60aa.js","382","static/chunks/382-b3144c2273be961b.js","919","static/chunks/919-a040c4c6a0b23be3.js","657","static/chunks/657-79a4b55d010ea657.js","177","static/chunks/app/layout-1223cd4aa890d035.js"],"MobileNav"]
6:I[3632,[],""]
7:I[4998,[],""]
9:I[1928,["1","static/chunks/1-41281e7e1262fe42.js","772","static/chunks/772-8511f27181fb60aa.js","382","static/chunks/382-b3144c2273be961b.js","919","static/chunks/919-a040c4c6a0b23be3.js","657","static/chunks/657-79a4b55d010ea657.js","177","static/chunks/app/layout-1223cd4aa890d035.js"],"CartDrawer"]
a:I[4247,["1","static/chunks/1-41281e7e1262fe42.js","772","static/chunks/772-8511f27181fb60aa.js","382","static/chunks/382-b3144c2273be961b.js","919","static/chunks/919-a040c4c6a0b23be3.js","657","static/chunks/657-79a4b55d010ea657.js","177","static/chunks/app/layout-1223cd4aa890d035.js"],"ConsentBanner"]
b:I[6346,["1","static/chunks/1-41281e7e1262fe42.js","772","static/chunks/772-8511f27181fb60aa.js","382","static/chunks/382-b3144c2273be961b.js","919","static/chunks/919-a040c4c6a0b23be3.js","657","static/chunks/657-79a4b55d010ea657.js","177","static/chunks/app/layout-1223cd4aa890d035.js"],"GoogleAnalytics"]
c:I[3834,["1","static/chunks/1-41281e7e1262fe42.js","772","static/chunks/772-8511f27181fb60aa.js","937","static/chunks/app/kontakt/page-39de83b7b47d716c.js"],"ContactForm"]
d:I[3089,[],"OutletBoundary"]
f:I[3089,[],"MetadataBoundary"]
11:I[3089,[],"ViewportBoundary"]
13:I[1423,[],""]
:HL["/_next/static/media/1e41be92c43b3255-s.p.woff2","font",{"crossOrigin":"","type":"font/woff2"}]
:HL["/_next/static/media/dc1a31dd116e0329-s.p.woff2","font",{"crossOrigin":"","type":"font/woff2"}]
:HL["/_next/static/css/485329f8488233be.css","style"]
:HL["/_next/static/css/a5f4fca8df255690.css","style"]
3:T2f59,<svg role="img" aria-label="CarmaDesign3D" version="1.0" xmlns="http://www.w3.org/2000/svg"
 viewBox="0 0 4000 1199"
 preserveAspectRatio="xMidYMid meet">
<g transform="translate(0,1199) scale(0.100000,-0.100000)"
fill="currentColor" stroke="none">
<path d="M26939 8995 c-3 -2 -38 -9 -79 -15 -119 -17 -140 -22 -146 -31 -3 -5
-14 -9 -25 -9 -10 0 -27 -4 -37 -9 -9 -5 -51 -25 -93 -45 -136 -65 -259 -167
-355 -293 -56 -74 -154 -255 -154 -285 0 -9 -4 -19 -9 -22 -5 -3 -11 -16 -14
-28 -2 -13 -12 -50 -22 -83 -51 -182 -68 -471 -86 -1444 -25 -1384 22 -2852
102 -3199 11 -47 15 -60 39 -117 127 -306 447 -480 750 -409 106 25 110 26
116 35 3 5 12 9 19 9 25 0 147 85 204 141 61 60 140 176 177 259 14 30 34 73
46 95 11 22 27 53 35 68 9 16 17 26 20 23 3 -2 4 -137 3 -299 0 -163 2 -307 6
-321 l6 -26 334 0 c352 0 373 2 393 47 16 34 16 3105 0 3154 -6 19 -27 49 -47
67 l-35 32 -504 0 -503 0 2 -337 3 -338 65 5 c143 11 268 6 286 -12 29 -29 38
-393 25 -983 -15 -682 -21 -723 -114 -837 -70 -87 -141 -118 -269 -118 -108 0
-175 27 -256 103 -101 97 -100 89 -113 622 -6 237 -14 579 -19 760 -36 1437
-29 2535 19 2850 25 163 48 197 181 262 157 77 399 42 490 -70 49 -62 50 -67
50 -639 0 -295 3 -543 6 -552 5 -14 48 -16 375 -16 l369 0 0 483 c0 457 -9
657 -31 699 -5 10 -9 26 -9 35 -1 26 -42 140 -69 193 -86 165 -246 336 -394
421 -71 41 -184 95 -227 108 -25 7 -54 17 -65 21 -23 9 -102 25 -196 40 -66
10 -242 14 -250 5z"/>
<path d="M4870 8979 c-79 -7 -110 -13 -200 -37 -45 -12 -65 -20 -117 -43 -24
-10 -46 -19 -49 -19 -4 0 -51 -29 -105 -65 -166 -111 -320 -301 -388 -480 -13
-33 -27 -69 -31 -80 -5 -11 -11 -29 -13 -40 -3 -11 -14 -51 -25 -90 -69 -246
-77 -425 -77 -1655 0 -888 7 -1209 35 -1735 19 -352 67 -816 100 -963 6 -23
10 -52 10 -64 0 -12 4 -35 9 -52 5 -17 15 -51 22 -76 58 -221 270 -430 544
-540 236 -95 606 -87 880 20 306 118 535 320 621 545 37 97 37 98 41 733 3
473 1 627 -8 638 -16 19 -701 21 -716 2 -6 -8 -7 -38 -2 -78 28 -230 34 -319
34 -520 0 -201 -6 -275 -30 -385 -4 -16 -27 -71 -51 -121 -46 -96 -84 -139
-163 -181 -53 -28 -224 -52 -252 -35 -10 7 -28 12 -38 12 -11 0 -23 5 -26 10
-3 6 -15 10 -26 10 -22 0 -149 115 -149 134 0 6 -7 24 -15 40 -76 146 -90 465
-90 2086 0 1302 13 1828 49 1960 4 14 12 45 18 70 37 152 144 269 276 304 149
38 375 -61 459 -202 l28 -47 5 -520 5 -520 345 0 345 0 0 605 c0 606 -2 643
-35 725 -4 11 -14 36 -21 55 -49 132 -224 323 -379 414 -257 151 -528 212
-820 185z"/>
<path d="M7539 8956 c-3 -3 -39 -10 -80 -15 -380 -50 -686 -245 -798 -510 -61
-144 -56 98 -56 -2796 l0 -2640 345 0 345 0 3 1308 2 1307 395 0 395 0 0
-1299 c0 -1087 2 -1300 14 -1310 9 -8 109 -11 347 -9 l334 3 3 2620 c3 2844 7
2669 -54 2815 -82 195 -293 368 -549 450 -38 13 -79 26 -90 31 -20 8 -53 14
-160 31 -72 11 -388 22 -396 14z m309 -608 c77 -31 99 -44 139 -81 25 -23 57
-64 71 -92 l27 -50 0 -890 0 -890 -110 -12 c-141 -15 -419 -15 -560 0 l-110
12 -3 865 c-3 916 -3 913 45 997 43 76 153 141 268 157 48 7 203 -4 233 -16z"/>
<path d="M16869 8956 c-3 -4 -41 -10 -85 -16 -101 -12 -144 -19 -169 -30 -11
-4 -40 -14 -65 -21 -42 -12 -123 -45 -180 -72 -191 -91 -349 -267 -412 -462
l-23 -70 0 -2645 0 -2645 340 0 340 0 5 1305 5 1305 397 3 398 2 2 -1307 3
-1308 334 -3 c241 -2 337 1 348 9 11 10 13 404 10 2643 -3 2729 -3 2695 -40
2732 -4 4 -7 15 -7 25 0 67 -155 257 -275 339 -156 105 -316 166 -530 201 -71
12 -387 23 -396 15z m295 -606 c6 -6 19 -10 31 -10 11 0 31 -9 45 -20 14 -11
30 -20 35 -20 18 0 80 -72 107 -125 l26 -50 3 -887 c2 -488 1 -889 -1 -891
-12 -10 -268 -27 -400 -27 -158 0 -358 17 -377 33 -18 13 -19 1682 -2 1754 33
137 151 238 299 257 54 7 224 -4 234 -14z"/>
<path d="M9605 8928 c-176 -5 -326 -11 -333 -13 -10 -4 -12 -601 -10 -2962 l3
-2958 348 -3 347 -2 0 1206 0 1206 32 30 31 29 131 -4 c165 -5 174 -7 296 -65
110 -53 259 -198 260 -253 0 -9 3 -19 7 -23 36 -36 37 -53 40 -1104 l4 -1022
347 2 347 3 3 980 c2 681 -1 998 -8 1040 -34 184 -143 352 -330 507 -53 44
-253 178 -265 178 -4 0 -26 14 -50 30 -24 17 -46 30 -50 30 -16 0 -95 62 -95
75 0 16 37 44 112 84 97 51 204 116 218 131 3 3 32 27 66 52 96 74 274 292
274 337 0 5 9 26 19 48 100 202 164 777 138 1243 -7 136 -12 176 -38 340 -71
439 -268 751 -524 832 -122 39 -548 47 -1320 26z m702 -599 c169 -41 293 -183
379 -434 36 -107 62 -242 86 -445 29 -245 9 -747 -37 -920 -22 -87 -28 -107
-36 -127 -46 -117 -122 -180 -269 -222 -25 -7 -58 -18 -75 -23 -63 -20 -228
-22 -289 -3 -90 28 -102 49 -109 191 -35 620 5 1778 65 1909 11 26 42 39 168
73 49 14 63 14 117 1z"/>
<path d="M11932 5968 l3 -2973 335 0 335 0 -1 270 c0 149 -6 572 -12 940 -7
369 -17 922 -22 1230 -4 308 -13 776 -19 1040 -11 533 -19 1095 -14 1025 2
-25 8 -54 13 -65 5 -11 16 -60 25 -110 9 -49 20 -108 25 -130 5 -22 12 -56 15
-75 13 -75 32 -180 54 -295 9 -50 26 -142 41 -225 4 -25 17 -92 29 -150 26
-133 50 -256 72 -377 11 -64 26 -145 39 -215 5 -29 11 -64 13 -78 3 -14 14
-72 26 -130 25 -125 38 -191 51 -265 6 -30 15 -81 21 -112 16 -89 29 -163 39
-218 11 -60 23 -126 52 -265 11 -58 24 -125 29 -150 11 -64 29 -166 40 -225
15 -75 27 -144 38 -205 13 -69 26 -139 40 -210 39 -202 53 -276 72 -380 10
-59 23 -126 38 -205 5 -27 14 -77 20 -110 6 -33 15 -80 20 -105 4 -25 14 -76
21 -115 7 -38 16 -74 20 -78 4 -4 140 -10 303 -13 l296 -5 11 22 c7 12 16 46
21 75 10 61 35 196 54 289 3 17 10 53 15 80 15 82 29 154 50 260 24 113 44
216 70 360 17 91 43 232 55 290 3 17 10 53 15 80 6 28 20 97 31 155 25 119 34
170 50 255 6 33 15 81 20 108 5 26 13 68 18 95 5 26 14 74 20 107 16 85 25
136 50 255 11 58 25 128 31 155 5 28 12 64 15 80 3 17 11 55 16 85 6 30 15 76
20 103 21 109 28 145 38 202 20 109 30 159 46 230 9 39 20 97 26 130 6 33 15
81 20 108 5 26 13 68 18 95 5 26 14 74 20 107 6 33 16 83 21 110 6 28 14 73
19 100 15 87 51 269 61 306 6 20 10 48 10 63 0 18 4 25 11 20 9 -5 10 -48 5
-153 -30 -675 -70 -2950 -64 -3701 l3 -465 315 -3 c173 -1 325 0 338 3 l22 5
-2 2968 -3 2967 -410 3 c-441 3 -492 -1 -539 -45 -51 -47 -70 -89 -87 -198 -5
-33 -14 -82 -18 -110 -5 -27 -14 -77 -20 -110 -19 -113 -53 -297 -72 -395 -5
-25 -14 -72 -19 -105 -6 -33 -15 -85 -20 -115 -5 -30 -14 -82 -20 -115 -6 -33
-14 -82 -19 -110 -5 -27 -14 -77 -20 -110 -12 -71 -25 -141 -46 -250 -18 -93
-33 -179 -45 -250 -4 -27 -13 -79 -20 -115 -7 -36 -16 -89 -21 -117 -5 -29
-13 -77 -18 -105 -5 -29 -14 -80 -19 -113 -6 -33 -18 -96 -27 -140 -9 -44 -21
-107 -26 -140 -6 -33 -15 -82 -20 -110 -5 -27 -14 -77 -19 -110 -14 -83 -30
-171 -40 -230 -5 -27 -12 -66 -15 -85 -3 -19 -10 -57 -15 -85 -31 -159 -54
-276 -61 -320 -13 -78 -30 -175 -39 -230 -5 -27 -14 -77 -20 -110 -5 -33 -14
-82 -19 -110 -5 -27 -14 -79 -20 -114 -17 -109 -63 -122 -89 -25 -23 86 -57
278 -81 454 -16 118 -28 206 -46 330 -16 115 -29 214 -46 368 -5 45 -14 121
-19 170 -6 48 -15 125 -20 172 -5 47 -14 128 -20 180 -6 52 -15 131 -20 175
-5 44 -16 134 -25 200 -8 66 -20 158 -26 205 -6 47 -15 119 -20 160 -5 41 -14
111 -20 155 -38 309 -76 573 -105 730 -9 50 -20 110 -24 135 -93 511 -145 660
-245 705 -76 33 -101 35 -542 35 l-443 0 2 -2972z"/>
<path d="M19502 5968 l3 -2973 530 -3 c589 -3 798 8 877 49 10 5 25 9 33 9 8
0 23 4 33 9 9 5 31 15 47 22 226 99 431 335 536 614 17 46 36 110 60 200 43
164 72 438 86 820 10 259 10 1628 0 1900 -16 460 -67 1051 -117 1355 -5 36
-13 81 -16 100 -23 150 -72 316 -126 430 -64 132 -312 335 -503 410 -71 28
-124 30 -774 30 l-671 0 2 -2972z m1047 2251 c36 -6 70 -15 76 -20 5 -5 17 -9
26 -9 30 0 132 -60 177 -103 105 -101 119 -170 144 -712 32 -681 5 -3034 -36
-3190 -2 -11 -15 -60 -27 -110 -42 -174 -159 -306 -311 -349 -119 -34 -342
-12 -399 40 -19 17 -19 70 -19 2188 l0 2171 28 31 c24 27 77 50 157 67 39 9
119 7 184 -4z"/>
<path d="M22310 8930 c-8 -5 -23 -10 -33 -10 -43 0 -103 -66 -118 -129 -9 -35
5 -1416 20 -2031 l7 -315 26 -39 c14 -21 43 -50 65 -64 l38 -27 695 -8 c1210
-13 1210 -13 1277 68 71 85 74 407 5 444 -12 7 -240 9 -678 8 -688 -2 -687 -2
-771 41 -107 54 -125 488 -21 515 12 4 312 7 665 7 625 0 643 1 653 19 6 12
10 98 10 211 0 113 -4 199 -10 211 -10 18 -28 19 -665 19 l-654 0 -19 28 c-26
36 -42 117 -41 205 1 109 17 158 71 220 44 51 50 54 110 63 122 17 449 11 926
-18 236 -14 407 0 450 37 l26 22 0 250 c1 198 -2 253 -13 266 -12 16 -94 17
-1010 17 -626 0 -1002 -4 -1011 -10z"/>
<path d="M24770 5975 l0 -2965 370 0 370 0 0 2965 0 2965 -370 0 -370 0 0
-2965z"/>
<path d="M28652 5968 l3 -2973 315 0 315 0 2 1895 c2 1042 6 1902 9 1910 4 12
9 9 19 -10 23 -43 85 -246 106 -347 5 -24 14 -64 19 -90 15 -69 43 -207 59
-293 4 -25 18 -92 29 -150 35 -170 72 -365 87 -460 3 -19 10 -57 15 -85 4 -27
13 -79 19 -115 17 -101 28 -158 45 -250 10 -47 22 -112 27 -145 6 -33 15 -82
20 -110 5 -27 13 -77 19 -110 6 -33 15 -85 20 -115 14 -79 29 -168 39 -225 4
-27 22 -120 39 -205 47 -232 53 -260 64 -315 5 -27 14 -64 19 -81 5 -17 9 -41
9 -54 0 -13 4 -37 10 -54 5 -17 24 -87 41 -156 17 -69 35 -141 41 -160 5 -19
12 -47 15 -63 3 -15 9 -30 14 -33 5 -3 9 -14 9 -25 0 -10 4 -27 9 -37 5 -9 15
-30 22 -47 35 -77 25 -75 396 -75 l333 0 5 22 c3 13 4 1351 3 2973 l-3 2950
-340 0 -340 0 -7 -230 c-3 -126 -4 -949 0 -1827 3 -879 2 -1598 -2 -1598 -3 0
-11 12 -17 28 -11 30 -18 60 -59 267 -7 33 -16 78 -20 100 -4 22 -13 67 -20
100 -7 33 -15 78 -20 100 -4 22 -20 94 -34 160 -15 66 -31 145 -37 175 -6 30
-15 75 -20 100 -9 43 -16 76 -39 190 -37 183 -42 208 -75 360 -15 69 -32 146
-36 173 -10 52 -23 119 -38 187 -5 25 -14 72 -21 105 -7 33 -15 78 -20 100 -4
22 -20 94 -34 160 -15 66 -31 145 -37 175 -6 30 -15 75 -20 100 -14 62 -26
126 -39 188 -26 135 -43 218 -68 332 -11 52 -23 109 -27 125 -3 17 -10 51 -16
78 -5 26 -13 68 -19 95 -21 106 -31 159 -37 197 -9 68 11 65 -389 65 l-364 0
2 -2972z"/>
<path d="M33947 8933 c-9 -8 -9 -5905 -1 -5927 6 -14 63 -16 543 -16 677 0
794 10 958 82 24 10 46 18 49 18 37 0 238 163 314 255 60 72 141 210 170 290
4 11 12 31 18 45 33 75 87 276 103 380 42 266 54 629 54 1605 0 1240 -26 1717
-125 2340 -15 90 -28 156 -59 285 -47 192 -134 329 -279 437 -20 15 -39 31
-42 35 -3 3 -44 31 -92 61 -80 50 -137 76 -229 106 -39 12 -1370 17 -1382 4z
m1053 -718 c114 -24 124 -28 180 -58 50 -28 150 -115 150 -131 0 -3 9 -25 19
-49 62 -139 76 -461 76 -1807 0 -1216 -18 -1890 -54 -2030 -7 -25 -16 -61 -21
-80 -29 -119 -93 -215 -183 -276 -81 -54 -124 -66 -252 -71 -136 -6 -285 30
-285 70 -5 2799 1 4344 18 4366 10 14 25 28 33 32 98 48 203 59 319 34z"/>
<path d="M32410 8920 c-311 -36 -540 -198 -685 -487 -25 -48 -45 -96 -45 -105
0 -9 -4 -19 -9 -22 -5 -3 -11 -16 -14 -28 -3 -13 -17 -63 -32 -113 -38 -131
-58 -250 -76 -445 -13 -143 -23 -513 -15 -544 l6 -26 409 0 408 0 6 143 c19
424 58 539 186 541 100 1 146 -47 183 -196 28 -117 31 -514 4 -628 -45 -190
-178 -332 -333 -355 -23 -4 -47 -12 -53 -19 -7 -9 -9 -156 -8 -467 l3 -454 58
-7 c179 -23 288 -171 333 -456 19 -123 15 -823 -6 -922 -17 -84 -50 -172 -73
-198 -82 -89 -213 -56 -266 67 -45 106 -51 173 -58 624 l-6 427 -406 -2 -406
-3 0 -405 c1 -660 35 -948 147 -1250 78 -211 200 -374 356 -474 40 -25 76 -46
81 -46 4 0 23 -7 41 -16 32 -17 65 -27 150 -46 120 -27 443 -19 502 13 10 5
27 9 38 9 11 0 28 4 38 9 9 5 48 23 85 41 199 95 358 284 456 545 13 33 26 69
31 80 45 113 105 423 127 650 10 105 10 973 0 1095 -30 364 -122 602 -293 759
-54 50 -57 55 -39 65 38 21 151 136 171 173 38 70 42 78 54 108 24 57 29 70
43 120 91 313 97 998 12 1360 -9 39 -20 86 -25 105 -82 369 -329 668 -620 749
-25 7 -59 17 -76 22 -44 13 -295 19 -384 9z"/>
<path d="M22975 5858 c-154 -28 -276 -64 -375 -111 -389 -184 -560 -557 -443
-967 39 -135 138 -266 248 -328 87 -48 190 -95 250 -113 22 -6 49 -15 60 -19
40 -15 242 -66 445 -111 388 -87 520 -170 520 -328 0 -169 -212 -290 -508
-291 -93 0 -149 14 -237 60 -83 44 -116 97 -135 215 -6 39 -18 91 -27 116
l-16 46 -151 6 c-82 4 -206 4 -274 0 l-124 -6 -26 -41 c-24 -39 -26 -48 -24
-161 4 -334 171 -583 490 -730 31 -15 65 -31 74 -36 10 -5 27 -9 37 -9 11 0
22 -4 25 -9 3 -5 18 -11 33 -14 16 -2 53 -11 83 -20 216 -58 531 -58 745 -1
28 7 61 16 75 19 14 4 34 10 45 14 326 128 497 324 538 616 46 332 -45 577
-278 739 -64 45 -184 106 -209 106 -8 0 -17 4 -20 9 -3 5 -16 11 -28 14 -13 3
-48 13 -78 22 -102 31 -196 51 -395 85 -125 22 -187 35 -275 58 -61 16 -164
71 -185 98 -11 15 -25 47 -32 73 -45 170 44 304 253 377 58 21 295 26 335 8
112 -52 142 -71 182 -111 77 -77 107 -163 107 -311 0 -113 -6 -109 147 -87
115 17 148 23 263 45 30 6 72 14 93 17 20 3 40 9 43 14 3 5 17 9 32 9 57 1 64
18 59 127 -16 284 -64 416 -208 568 -177 186 -382 282 -735 344 -71 13 -327
12 -399 -1z"/>
</g>
</svg>
8:T2f59,<svg role="img" aria-label="CarmaDesign3D" version="1.0" xmlns="http://www.w3.org/2000/svg"
 viewBox="0 0 4000 1199"
 preserveAspectRatio="xMidYMid meet">
<g transform="translate(0,1199) scale(0.100000,-0.100000)"
fill="currentColor" stroke="none">
<path d="M26939 8995 c-3 -2 -38 -9 -79 -15 -119 -17 -140 -22 -146 -31 -3 -5
-14 -9 -25 -9 -10 0 -27 -4 -37 -9 -9 -5 -51 -25 -93 -45 -136 -65 -259 -167
-355 -293 -56 -74 -154 -255 -154 -285 0 -9 -4 -19 -9 -22 -5 -3 -11 -16 -14
-28 -2 -13 -12 -50 -22 -83 -51 -182 -68 -471 -86 -1444 -25 -1384 22 -2852
102 -3199 11 -47 15 -60 39 -117 127 -306 447 -480 750 -409 106 25 110 26
116 35 3 5 12 9 19 9 25 0 147 85 204 141 61 60 140 176 177 259 14 30 34 73
46 95 11 22 27 53 35 68 9 16 17 26 20 23 3 -2 4 -137 3 -299 0 -163 2 -307 6
-321 l6 -26 334 0 c352 0 373 2 393 47 16 34 16 3105 0 3154 -6 19 -27 49 -47
67 l-35 32 -504 0 -503 0 2 -337 3 -338 65 5 c143 11 268 6 286 -12 29 -29 38
-393 25 -983 -15 -682 -21 -723 -114 -837 -70 -87 -141 -118 -269 -118 -108 0
-175 27 -256 103 -101 97 -100 89 -113 622 -6 237 -14 579 -19 760 -36 1437
-29 2535 19 2850 25 163 48 197 181 262 157 77 399 42 490 -70 49 -62 50 -67
50 -639 0 -295 3 -543 6 -552 5 -14 48 -16 375 -16 l369 0 0 483 c0 457 -9
657 -31 699 -5 10 -9 26 -9 35 -1 26 -42 140 -69 193 -86 165 -246 336 -394
421 -71 41 -184 95 -227 108 -25 7 -54 17 -65 21 -23 9 -102 25 -196 40 -66
10 -242 14 -250 5z"/>
<path d="M4870 8979 c-79 -7 -110 -13 -200 -37 -45 -12 -65 -20 -117 -43 -24
-10 -46 -19 -49 -19 -4 0 -51 -29 -105 -65 -166 -111 -320 -301 -388 -480 -13
-33 -27 -69 -31 -80 -5 -11 -11 -29 -13 -40 -3 -11 -14 -51 -25 -90 -69 -246
-77 -425 -77 -1655 0 -888 7 -1209 35 -1735 19 -352 67 -816 100 -963 6 -23
10 -52 10 -64 0 -12 4 -35 9 -52 5 -17 15 -51 22 -76 58 -221 270 -430 544
-540 236 -95 606 -87 880 20 306 118 535 320 621 545 37 97 37 98 41 733 3
473 1 627 -8 638 -16 19 -701 21 -716 2 -6 -8 -7 -38 -2 -78 28 -230 34 -319
34 -520 0 -201 -6 -275 -30 -385 -4 -16 -27 -71 -51 -121 -46 -96 -84 -139
-163 -181 -53 -28 -224 -52 -252 -35 -10 7 -28 12 -38 12 -11 0 -23 5 -26 10
-3 6 -15 10 -26 10 -22 0 -149 115 -149 134 0 6 -7 24 -15 40 -76 146 -90 465
-90 2086 0 1302 13 1828 49 1960 4 14 12 45 18 70 37 152 144 269 276 304 149
38 375 -61 459 -202 l28 -47 5 -520 5 -520 345 0 345 0 0 605 c0 606 -2 643
-35 725 -4 11 -14 36 -21 55 -49 132 -224 323 -379 414 -257 151 -528 212
-820 185z"/>
<path d="M7539 8956 c-3 -3 -39 -10 -80 -15 -380 -50 -686 -245 -798 -510 -61
-144 -56 98 -56 -2796 l0 -2640 345 0 345 0 3 1308 2 1307 395 0 395 0 0
-1299 c0 -1087 2 -1300 14 -1310 9 -8 109 -11 347 -9 l334 3 3 2620 c3 2844 7
2669 -54 2815 -82 195 -293 368 -549 450 -38 13 -79 26 -90 31 -20 8 -53 14
-160 31 -72 11 -388 22 -396 14z m309 -608 c77 -31 99 -44 139 -81 25 -23 57
-64 71 -92 l27 -50 0 -890 0 -890 -110 -12 c-141 -15 -419 -15 -560 0 l-110
12 -3 865 c-3 916 -3 913 45 997 43 76 153 141 268 157 48 7 203 -4 233 -16z"/>
<path d="M16869 8956 c-3 -4 -41 -10 -85 -16 -101 -12 -144 -19 -169 -30 -11
-4 -40 -14 -65 -21 -42 -12 -123 -45 -180 -72 -191 -91 -349 -267 -412 -462
l-23 -70 0 -2645 0 -2645 340 0 340 0 5 1305 5 1305 397 3 398 2 2 -1307 3
-1308 334 -3 c241 -2 337 1 348 9 11 10 13 404 10 2643 -3 2729 -3 2695 -40
2732 -4 4 -7 15 -7 25 0 67 -155 257 -275 339 -156 105 -316 166 -530 201 -71
12 -387 23 -396 15z m295 -606 c6 -6 19 -10 31 -10 11 0 31 -9 45 -20 14 -11
30 -20 35 -20 18 0 80 -72 107 -125 l26 -50 3 -887 c2 -488 1 -889 -1 -891
-12 -10 -268 -27 -400 -27 -158 0 -358 17 -377 33 -18 13 -19 1682 -2 1754 33
137 151 238 299 257 54 7 224 -4 234 -14z"/>
<path d="M9605 8928 c-176 -5 -326 -11 -333 -13 -10 -4 -12 -601 -10 -2962 l3
-2958 348 -3 347 -2 0 1206 0 1206 32 30 31 29 131 -4 c165 -5 174 -7 296 -65
110 -53 259 -198 260 -253 0 -9 3 -19 7 -23 36 -36 37 -53 40 -1104 l4 -1022
347 2 347 3 3 980 c2 681 -1 998 -8 1040 -34 184 -143 352 -330 507 -53 44
-253 178 -265 178 -4 0 -26 14 -50 30 -24 17 -46 30 -50 30 -16 0 -95 62 -95
75 0 16 37 44 112 84 97 51 204 116 218 131 3 3 32 27 66 52 96 74 274 292
274 337 0 5 9 26 19 48 100 202 164 777 138 1243 -7 136 -12 176 -38 340 -71
439 -268 751 -524 832 -122 39 -548 47 -1320 26z m702 -599 c169 -41 293 -183
379 -434 36 -107 62 -242 86 -445 29 -245 9 -747 -37 -920 -22 -87 -28 -107
-36 -127 -46 -117 -122 -180 -269 -222 -25 -7 -58 -18 -75 -23 -63 -20 -228
-22 -289 -3 -90 28 -102 49 -109 191 -35 620 5 1778 65 1909 11 26 42 39 168
73 49 14 63 14 117 1z"/>
<path d="M11932 5968 l3 -2973 335 0 335 0 -1 270 c0 149 -6 572 -12 940 -7
369 -17 922 -22 1230 -4 308 -13 776 -19 1040 -11 533 -19 1095 -14 1025 2
-25 8 -54 13 -65 5 -11 16 -60 25 -110 9 -49 20 -108 25 -130 5 -22 12 -56 15
-75 13 -75 32 -180 54 -295 9 -50 26 -142 41 -225 4 -25 17 -92 29 -150 26
-133 50 -256 72 -377 11 -64 26 -145 39 -215 5 -29 11 -64 13 -78 3 -14 14
-72 26 -130 25 -125 38 -191 51 -265 6 -30 15 -81 21 -112 16 -89 29 -163 39
-218 11 -60 23 -126 52 -265 11 -58 24 -125 29 -150 11 -64 29 -166 40 -225
15 -75 27 -144 38 -205 13 -69 26 -139 40 -210 39 -202 53 -276 72 -380 10
-59 23 -126 38 -205 5 -27 14 -77 20 -110 6 -33 15 -80 20 -105 4 -25 14 -76
21 -115 7 -38 16 -74 20 -78 4 -4 140 -10 303 -13 l296 -5 11 22 c7 12 16 46
21 75 10 61 35 196 54 289 3 17 10 53 15 80 15 82 29 154 50 260 24 113 44
216 70 360 17 91 43 232 55 290 3 17 10 53 15 80 6 28 20 97 31 155 25 119 34
170 50 255 6 33 15 81 20 108 5 26 13 68 18 95 5 26 14 74 20 107 16 85 25
136 50 255 11 58 25 128 31 155 5 28 12 64 15 80 3 17 11 55 16 85 6 30 15 76
20 103 21 109 28 145 38 202 20 109 30 159 46 230 9 39 20 97 26 130 6 33 15
81 20 108 5 26 13 68 18 95 5 26 14 74 20 107 6 33 16 83 21 110 6 28 14 73
19 100 15 87 51 269 61 306 6 20 10 48 10 63 0 18 4 25 11 20 9 -5 10 -48 5
-153 -30 -675 -70 -2950 -64 -3701 l3 -465 315 -3 c173 -1 325 0 338 3 l22 5
-2 2968 -3 2967 -410 3 c-441 3 -492 -1 -539 -45 -51 -47 -70 -89 -87 -198 -5
-33 -14 -82 -18 -110 -5 -27 -14 -77 -20 -110 -19 -113 -53 -297 -72 -395 -5
-25 -14 -72 -19 -105 -6 -33 -15 -85 -20 -115 -5 -30 -14 -82 -20 -115 -6 -33
-14 -82 -19 -110 -5 -27 -14 -77 -20 -110 -12 -71 -25 -141 -46 -250 -18 -93
-33 -179 -45 -250 -4 -27 -13 -79 -20 -115 -7 -36 -16 -89 -21 -117 -5 -29
-13 -77 -18 -105 -5 -29 -14 -80 -19 -113 -6 -33 -18 -96 -27 -140 -9 -44 -21
-107 -26 -140 -6 -33 -15 -82 -20 -110 -5 -27 -14 -77 -19 -110 -14 -83 -30
-171 -40 -230 -5 -27 -12 -66 -15 -85 -3 -19 -10 -57 -15 -85 -31 -159 -54
-276 -61 -320 -13 -78 -30 -175 -39 -230 -5 -27 -14 -77 -20 -110 -5 -33 -14
-82 -19 -110 -5 -27 -14 -79 -20 -114 -17 -109 -63 -122 -89 -25 -23 86 -57
278 -81 454 -16 118 -28 206 -46 330 -16 115 -29 214 -46 368 -5 45 -14 121
-19 170 -6 48 -15 125 -20 172 -5 47 -14 128 -20 180 -6 52 -15 131 -20 175
-5 44 -16 134 -25 200 -8 66 -20 158 -26 205 -6 47 -15 119 -20 160 -5 41 -14
111 -20 155 -38 309 -76 573 -105 730 -9 50 -20 110 -24 135 -93 511 -145 660
-245 705 -76 33 -101 35 -542 35 l-443 0 2 -2972z"/>
<path d="M19502 5968 l3 -2973 530 -3 c589 -3 798 8 877 49 10 5 25 9 33 9 8
0 23 4 33 9 9 5 31 15 47 22 226 99 431 335 536 614 17 46 36 110 60 200 43
164 72 438 86 820 10 259 10 1628 0 1900 -16 460 -67 1051 -117 1355 -5 36
-13 81 -16 100 -23 150 -72 316 -126 430 -64 132 -312 335 -503 410 -71 28
-124 30 -774 30 l-671 0 2 -2972z m1047 2251 c36 -6 70 -15 76 -20 5 -5 17 -9
26 -9 30 0 132 -60 177 -103 105 -101 119 -170 144 -712 32 -681 5 -3034 -36
-3190 -2 -11 -15 -60 -27 -110 -42 -174 -159 -306 -311 -349 -119 -34 -342
-12 -399 40 -19 17 -19 70 -19 2188 l0 2171 28 31 c24 27 77 50 157 67 39 9
119 7 184 -4z"/>
<path d="M22310 8930 c-8 -5 -23 -10 -33 -10 -43 0 -103 -66 -118 -129 -9 -35
5 -1416 20 -2031 l7 -315 26 -39 c14 -21 43 -50 65 -64 l38 -27 695 -8 c1210
-13 1210 -13 1277 68 71 85 74 407 5 444 -12 7 -240 9 -678 8 -688 -2 -687 -2
-771 41 -107 54 -125 488 -21 515 12 4 312 7 665 7 625 0 643 1 653 19 6 12
10 98 10 211 0 113 -4 199 -10 211 -10 18 -28 19 -665 19 l-654 0 -19 28 c-26
36 -42 117 -41 205 1 109 17 158 71 220 44 51 50 54 110 63 122 17 449 11 926
-18 236 -14 407 0 450 37 l26 22 0 250 c1 198 -2 253 -13 266 -12 16 -94 17
-1010 17 -626 0 -1002 -4 -1011 -10z"/>
<path d="M24770 5975 l0 -2965 370 0 370 0 0 2965 0 2965 -370 0 -370 0 0
-2965z"/>
<path d="M28652 5968 l3 -2973 315 0 315 0 2 1895 c2 1042 6 1902 9 1910 4 12
9 9 19 -10 23 -43 85 -246 106 -347 5 -24 14 -64 19 -90 15 -69 43 -207 59
-293 4 -25 18 -92 29 -150 35 -170 72 -365 87 -460 3 -19 10 -57 15 -85 4 -27
13 -79 19 -115 17 -101 28 -158 45 -250 10 -47 22 -112 27 -145 6 -33 15 -82
20 -110 5 -27 13 -77 19 -110 6 -33 15 -85 20 -115 14 -79 29 -168 39 -225 4
-27 22 -120 39 -205 47 -232 53 -260 64 -315 5 -27 14 -64 19 -81 5 -17 9 -41
9 -54 0 -13 4 -37 10 -54 5 -17 24 -87 41 -156 17 -69 35 -141 41 -160 5 -19
12 -47 15 -63 3 -15 9 -30 14 -33 5 -3 9 -14 9 -25 0 -10 4 -27 9 -37 5 -9 15
-30 22 -47 35 -77 25 -75 396 -75 l333 0 5 22 c3 13 4 1351 3 2973 l-3 2950
-340 0 -340 0 -7 -230 c-3 -126 -4 -949 0 -1827 3 -879 2 -1598 -2 -1598 -3 0
-11 12 -17 28 -11 30 -18 60 -59 267 -7 33 -16 78 -20 100 -4 22 -13 67 -20
100 -7 33 -15 78 -20 100 -4 22 -20 94 -34 160 -15 66 -31 145 -37 175 -6 30
-15 75 -20 100 -9 43 -16 76 -39 190 -37 183 -42 208 -75 360 -15 69 -32 146
-36 173 -10 52 -23 119 -38 187 -5 25 -14 72 -21 105 -7 33 -15 78 -20 100 -4
22 -20 94 -34 160 -15 66 -31 145 -37 175 -6 30 -15 75 -20 100 -14 62 -26
126 -39 188 -26 135 -43 218 -68 332 -11 52 -23 109 -27 125 -3 17 -10 51 -16
78 -5 26 -13 68 -19 95 -21 106 -31 159 -37 197 -9 68 11 65 -389 65 l-364 0
2 -2972z"/>
<path d="M33947 8933 c-9 -8 -9 -5905 -1 -5927 6 -14 63 -16 543 -16 677 0
794 10 958 82 24 10 46 18 49 18 37 0 238 163 314 255 60 72 141 210 170 290
4 11 12 31 18 45 33 75 87 276 103 380 42 266 54 629 54 1605 0 1240 -26 1717
-125 2340 -15 90 -28 156 -59 285 -47 192 -134 329 -279 437 -20 15 -39 31
-42 35 -3 3 -44 31 -92 61 -80 50 -137 76 -229 106 -39 12 -1370 17 -1382 4z
m1053 -718 c114 -24 124 -28 180 -58 50 -28 150 -115 150 -131 0 -3 9 -25 19
-49 62 -139 76 -461 76 -1807 0 -1216 -18 -1890 -54 -2030 -7 -25 -16 -61 -21
-80 -29 -119 -93 -215 -183 -276 -81 -54 -124 -66 -252 -71 -136 -6 -285 30
-285 70 -5 2799 1 4344 18 4366 10 14 25 28 33 32 98 48 203 59 319 34z"/>
<path d="M32410 8920 c-311 -36 -540 -198 -685 -487 -25 -48 -45 -96 -45 -105
0 -9 -4 -19 -9 -22 -5 -3 -11 -16 -14 -28 -3 -13 -17 -63 -32 -113 -38 -131
-58 -250 -76 -445 -13 -143 -23 -513 -15 -544 l6 -26 409 0 408 0 6 143 c19
424 58 539 186 541 100 1 146 -47 183 -196 28 -117 31 -514 4 -628 -45 -190
-178 -332 -333 -355 -23 -4 -47 -12 -53 -19 -7 -9 -9 -156 -8 -467 l3 -454 58
-7 c179 -23 288 -171 333 -456 19 -123 15 -823 -6 -922 -17 -84 -50 -172 -73
-198 -82 -89 -213 -56 -266 67 -45 106 -51 173 -58 624 l-6 427 -406 -2 -406
-3 0 -405 c1 -660 35 -948 147 -1250 78 -211 200 -374 356 -474 40 -25 76 -46
81 -46 4 0 23 -7 41 -16 32 -17 65 -27 150 -46 120 -27 443 -19 502 13 10 5
27 9 38 9 11 0 28 4 38 9 9 5 48 23 85 41 199 95 358 284 456 545 13 33 26 69
31 80 45 113 105 423 127 650 10 105 10 973 0 1095 -30 364 -122 602 -293 759
-54 50 -57 55 -39 65 38 21 151 136 171 173 38 70 42 78 54 108 24 57 29 70
43 120 91 313 97 998 12 1360 -9 39 -20 86 -25 105 -82 369 -329 668 -620 749
-25 7 -59 17 -76 22 -44 13 -295 19 -384 9z"/>
<path d="M22975 5858 c-154 -28 -276 -64 -375 -111 -389 -184 -560 -557 -443
-967 39 -135 138 -266 248 -328 87 -48 190 -95 250 -113 22 -6 49 -15 60 -19
40 -15 242 -66 445 -111 388 -87 520 -170 520 -328 0 -169 -212 -290 -508
-291 -93 0 -149 14 -237 60 -83 44 -116 97 -135 215 -6 39 -18 91 -27 116
l-16 46 -151 6 c-82 4 -206 4 -274 0 l-124 -6 -26 -41 c-24 -39 -26 -48 -24
-161 4 -334 171 -583 490 -730 31 -15 65 -31 74 -36 10 -5 27 -9 37 -9 11 0
22 -4 25 -9 3 -5 18 -11 33 -14 16 -2 53 -11 83 -20 216 -58 531 -58 745 -1
28 7 61 16 75 19 14 4 34 10 45 14 326 128 497 324 538 616 46 332 -45 577
-278 739 -64 45 -184 106 -209 106 -8 0 -17 4 -20 9 -3 5 -16 11 -28 14 -13 3
-48 13 -78 22 -102 31 -196 51 -395 85 -125 22 -187 35 -275 58 -61 16 -164
71 -185 98 -11 15 -25 47 -32 73 -45 170 44 304 253 377 58 21 295 26 335 8
112 -52 142 -71 182 -111 77 -77 107 -163 107 -311 0 -113 -6 -109 147 -87
115 17 148 23 263 45 30 6 72 14 93 17 20 3 40 9 43 14 3 5 17 9 32 9 57 1 64
18 59 127 -16 284 -64 416 -208 568 -177 186 -382 282 -735 344 -71 13 -327
12 -399 -1z"/>
</g>
</svg>
0:{"P":null,"b":"RfYn1L3miys3Cpcr8jsrn","p":"","c":["","kontakt",""],"i":false,"f":[[["",{"children":["kontakt",{"children":["__PAGE__",{}]}]},"$undefined","$undefined",true],["",["$","$1","c",{"children":[[["$","link","0",{"rel":"stylesheet","href":"/_next/static/css/485329f8488233be.css","precedence":"next","crossOrigin":"$undefined","nonce":"$undefined"}],["$","link","1",{"rel":"stylesheet","href":"/_next/static/css/a5f4fca8df255690.css","precedence":"next","crossOrigin":"$undefined","nonce":"$undefined"}]],["$","html",null,{"lang":"de","className":"__variable_c06d0e __variable_6888a2","children":["$","body",null,{"className":"min-h-screen bg-paper text-ink antialiased","children":[["$","a",null,{"href":"#main","className":"sr-only focus:not-sr-only focus:fixed focus:left-4 focus:top-4 focus:z-50 focus:rounded-xs focus:bg-ink focus:px-4 focus:py-2 focus:text-paper","children":"Zum Inhalt springen"}],["$","header",null,{"className":"sticky top-0 z-40 border-b border-paper/10 bg-black/90 text-paper backdrop-blur","role":"banner","children":["$","div",null,{"className":"container-edit flex h-18 items-center justify-between gap-6","children":[["$","$L2",null,{"href":"/","className":"inline-flex shrink-0 focus-visible:outline-offset-4","aria-label":"CarmaDesign3D — Startseite","children":["$","span",null,{"aria-label":"CarmaDesign3D","role":"img","className":"inline-block align-middle [&>svg]:block [&>svg]:h-full [&>svg]:w-auto h-7 md:h-8","dangerouslySetInnerHTML":{"__html":"$3"}}]}],["$","nav",null,{"aria-label":"Hauptnavigation","className":"hidden md:block","children":["$","ul",null,{"className":"flex items-center gap-8","children":[["$","li","/was-wir-machen",{"children":["$","$L2",null,{"href":"/was-wir-machen","className":"link-underline font-display text-[14px] uppercase tracking-[0.08em] text-paper/85 hover:text-paper","children":"Services"}]}],["$","li","/shop",{"children":["$","$L2",null,{"href":"/shop","className":"link-underline font-display text-[14px] uppercase tracking-[0.08em] text-paper/85 hover:text-paper","children":"Shop"}]}],["$","li","/projekte",{"children":["$","$L2",null,{"href":"/projekte","className":"link-underline font-display text-[14px] uppercase tracking-[0.08em] text-paper/85 hover:text-paper","children":"Projekte"}]}],["$","li","/kontakt",{"children":["$","$L2",null,{"href":"/kontakt","className":"link-underline font-display text-[14px] uppercase tracking-[0.08em] text-paper/85 hover:text-paper","children":"Kontakt"}]}]]}]}],["$","div",null,{"className":"flex items-center gap-1","children":[["$","$L4",null,{}],["$","$L5",null,{}]]}]]}]}],["$","main",null,{"id":"main","className":"min-h-[60vh]","children":["$","$L6",null,{"parallelRouterKey":"children","segmentPath":["children"],"error":"$undefined","errorStyles":"$undefined","errorScripts":"$undefined","template":["$","$L7",null,{}],"templateStyles":"$undefined","templateScripts":"$undefined","notFound":[[],["$","section",null,{"className":"bg-paper text-ink py-22 md:py-30","children":["$","div",null,{"className":"container-edit max-w-2xl","children":[["$","p",null,{"className":"eyebrow","children":"404"}],["$","h1",null,{"className":"mt-6 text-h1","children":"Seite nicht gefunden."}],["$","p",null,{"className":"mt-6 text-body text-ink/70","children":"Die gesuchte Seite existiert nicht oder wurde verschoben."}],["$","div",null,{"className":"mt-10","children":["$","$L2",null,{"ref":"$undefined","href":"/","className":"inline-flex items-center justify-center font-display font-medium uppercase tracking-[0.08em] transition-colors duration-slow ease-quiet focus-visible:outline-offset-4 disabled:cursor-not-allowed disabled:opacity-40 bg-ink text-paper hover:bg-graphite h-11 px-6 text-[13px]","children":"Zur Startseite"}]}]]}]}]],"forbidden":"$undefined","unauthorized":"$undefined"}]}],["$","footer",null,{"className":"bg-black text-paper","role":"contentinfo","children":[["$","div",null,{"className":"container-edit grid gap-12 py-22 md:grid-cols-3 md:py-30","children":[["$","div",null,{"className":"flex flex-col items-start gap-6","children":[["$","$L2",null,{"href":"/","className":"inline-flex shrink-0 focus-visible:outline-offset-4","aria-label":"CarmaDesign3D — Startseite","children":["$","span",null,{"aria-label":"CarmaDesign3D","role":"img","className":"inline-block align-middle [&>svg]:block [&>svg]:h-full [&>svg]:w-auto h-8 md:h-9","dangerouslySetInnerHTML":{"__html":"$8"}}]}],["$","p",null,{"className":"max-w-xs text-[15px] text-paper/70","children":"Für alle, die das Außergewöhnliche suchen."}],["$","p",null,{"className":"max-w-xs text-[13px] text-paper/50","children":"3D-Gedruckte Möbelstücke aus wiederverwertetem Material, Made in Germany."}]]}],["$","div",null,{"className":"flex flex-col gap-4","children":[["$","p",null,{"className":"eyebrow text-paper/50","children":"Navigation"}],["$","ul",null,{"className":"space-y-3","children":[["$","li","/was-wir-machen",{"children":["$","$L2",null,{"href":"/was-wir-machen","className":"link-underline text-[15px]","children":"Services"}]}],["$","li","/shop",{"children":["$","$L2",null,{"href":"/shop","className":"link-underline text-[15px]","children":"Shop"}]}],["$","li","/projekte",{"children":["$","$L2",null,{"href":"/projekte","className":"link-underline text-[15px]","children":"Projekte"}]}],["$","li","/kontakt",{"children":["$","$L2",null,{"href":"/kontakt","className":"link-underline text-[15px]","children":"Kontakt"}]}]]}]]}],["$","div",null,{"className":"flex flex-col gap-4","children":[["$","p",null,{"className":"eyebrow text-paper/50","children":"Kontakt"}],["$","address",null,{"className":"not-italic text-[15px] leading-relaxed text-paper/80","children":["CarmaDesign3D",["$","br",null,{}],"Hagäcker 58",["$","br",null,{}],"71563"," ","Affalterbach",["$","br",null,{}],["$","br",null,{}],["$","a",null,{"href":"mailto:info@carmadesign3d.de","className":"link-underline","children":"info@carmadesign3d.de"}],["$","br",null,{}],["$","a",null,{"href":"tel:+4917685635932","className":"link-underline","children":"+49 176 856 359 32"}]]}],["$","a",null,{"href":"https://www.instagram.com/carmadesign3d/","rel":"noopener noreferrer","target":"_blank","className":"link-underline text-[15px]","children":["Instagram ","@carmadesign3d"]}]]}]]}],["$","div",null,{"className":"border-t border-line","children":["$","div",null,{"className":"container-edit flex flex-col gap-4 py-6 md:flex-row md:items-center md:justify-between","children":[["$","p",null,{"className":"text-[12px] uppercase tracking-[0.12em] text-paper/50","children":["© ",2026," ","CarmaDesign3D"]}],["$","ul",null,{"className":"flex flex-wrap gap-x-6 gap-y-2","children":[["$","li","/impressum",{"children":["$","$L2",null,{"href":"/impressum","className":"text-[12px] uppercase tracking-[0.12em] text-paper/60 hover:text-paper","children":"Impressum"}]}],["$","li","/datenschutz",{"children":["$","$L2",null,{"href":"/datenschutz","className":"text-[12px] uppercase tracking-[0.12em] text-paper/60 hover:text-paper","children":"Datenschutz"}]}],["$","li","/agb",{"children":["$","$L2",null,{"href":"/agb","className":"text-[12px] uppercase tracking-[0.12em] text-paper/60 hover:text-paper","children":"AGB"}]}],["$","li","/widerruf",{"children":["$","$L2",null,{"href":"/widerruf","className":"text-[12px] uppercase tracking-[0.12em] text-paper/60 hover:text-paper","children":"Widerruf"}]}],["$","li","/versand-zahlung",{"children":["$","$L2",null,{"href":"/versand-zahlung","className":"text-[12px] uppercase tracking-[0.12em] text-paper/60 hover:text-paper","children":"Versand & Zahlung"}]}],["$","li","/cookie-einstellungen",{"children":["$","$L2",null,{"href":"/cookie-einstellungen","className":"text-[12px] uppercase tracking-[0.12em] text-paper/60 hover:text-paper","children":"Cookie-Einstellungen"}]}],["$","li","/faq",{"children":["$","$L2",null,{"href":"/faq","className":"text-[12px] uppercase tracking-[0.12em] text-paper/60 hover:text-paper","children":"FAQ"}]}]]}]]}]}]]}],["$","$L9",null,{}],["$","$La",null,{}],["$","$Lb",null,{}],["$","script",null,{"type":"application/ld+json","dangerouslySetInnerHTML":{"__html":"{\"@context\":\"https://schema.org\",\"@type\":\"Organization\",\"name\":\"CarmaDesign3D\",\"url\":\"https://www.carmadesign3d.de\",\"email\":\"info@carmadesign3d.de\",\"telephone\":\"+49 176 856 359 32\",\"address\":{\"@type\":\"PostalAddress\",\"streetAddress\":\"Hagäcker 58\",\"postalCode\":\"71563\",\"addressLocality\":\"Affalterbach\",\"addressCountry\":\"DE\"},\"sameAs\":[\"https://www.instagram.com/carmadesign3d/\"]}"}}]]}]}]]}],{"children":["kontakt",["$","$1","c",{"children":[null,["$","$L6",null,{"parallelRouterKey":"children","segmentPath":["children","kontakt","children"],"error":"$undefined","errorStyles":"$undefined","errorScripts":"$undefined","template":["$","$L7",null,{}],"templateStyles":"$undefined","templateScripts":"$undefined","notFound":"$undefined","forbidden":"$undefined","unauthorized":"$undefined"}]]}],{"children":["__PAGE__",["$","$1","c",{"children":[[["$","section",null,{"className":"bg-paper","children":["$","div",null,{"className":"container-edit py-22 md:py-30","children":[["$","p",null,{"className":"eyebrow","children":"Sprechen Sie mit uns"}],["$","h1",null,{"className":"mt-6 text-h1","children":"Kontakt."}],["$","p",null,{"className":"mt-6 max-w-2xl text-body text-ink/70","children":"Wir besprechen Projekte am liebsten früh — und am liebsten persönlich. Antworten in der Regel innerhalb eines Werktags."}]]}]}],["$","section",null,{"className":"bg-paper text-ink py-22 md:py-30","children":["$","div",null,{"className":"container-edit","children":["$","div",null,{"className":"grid gap-16 md:grid-cols-[1fr_2fr] md:gap-20","children":[["$","aside",null,{"className":"space-y-10","children":[["$","div",null,{"children":[["$","p",null,{"className":"eyebrow","children":"Manufaktur"}],["$","address",null,{"className":"mt-4 not-italic text-body leading-relaxed text-ink/85","children":["CarmaDesign3D",["$","br",null,{}],"Hagäcker 58",["$","br",null,{}],"71563"," ","Affalterbach",["$","br",null,{}],"Deutschland"]}]]}],["$","div",null,{"children":[["$","p",null,{"className":"eyebrow","children":"Direkt"}],["$","p",null,{"className":"mt-4 text-body leading-relaxed","children":[["$","a",null,{"href":"mailto:info@carmadesign3d.de?subject=Anfrage%20%C3%BCber%20carmadesign3d.de","className":"link-underline","children":"info@carmadesign3d.de"}],["$","br",null,{}],["$","a",null,{"href":"tel:+4917685635932","className":"link-underline","children":"+49 176 856 359 32"}]]}],["$","p",null,{"className":"mt-6 text-[14px] text-ink/60","children":"Lieber per E-Mail? Schreiben Sie uns direkt — der Mailto-Link füllt das Empfänger-Feld bereits aus."}]]}],["$","div",null,{"children":[["$","p",null,{"className":"eyebrow","children":"Vor Ort"}],["$","p",null,{"className":"mt-4 text-body leading-relaxed text-ink/85","children":"Besuche in der Werkstatt sind nach Absprache möglich. Bitte vorher Termin vereinbaren."}]]}],["$","div",null,{"children":[["$","p",null,{"className":"eyebrow","children":"Folgen"}],["$","p",null,{"className":"mt-4 text-body leading-relaxed","children":["$","a",null,{"href":"https://www.instagram.com/carmadesign3d/","rel":"noopener noreferrer","target":"_blank","className":"link-underline","children":["Instagram ","@carmadesign3d"]}]}]]}]]}],["$","div",null,{"children":[["$","p",null,{"className":"eyebrow","children":"Schreiben Sie uns"}],["$","h2",null,{"className":"mt-3 text-h2","children":"Eine Nachricht genügt."}],["$","p",null,{"className":"mt-4 max-w-xl text-body text-ink/70","children":"Mit Anliegen, Zeitrahmen und gewünschten Materialien geht es am schnellsten — wir melden uns mit konkreten Vorschlägen."}],["$","div",null,{"className":"mt-10","children":["$","$Lc",null,{}]}],["$","p",null,{"className":"mt-8 text-[13px] text-ink/55","children":["Pflichtfelder sind mit * markiert. Verarbeitung nach"," ",["$","$L2",null,{"href":"/datenschutz","className":"link-underline","children":"Datenschutzerklärung"}],"."]}]]}]]}]}]}]],null,["$","$Ld",null,{"children":"$Le"}]]}],{},null,false]},null,false]},null,false],["$","$1","h",{"children":[null,["$","$1","U7382Y1ATlHyKkUNBdSma",{"children":[["$","$Lf",null,{"children":"$L10"}],["$","$L11",null,{"children":"$L12"}],["$","meta",null,{"name":"next-size-adjust","content":""}]]}]]}],false]],"m":"$undefined","G":["$13","$undefined"],"s":false,"S":true}
12:[["$","meta","0",{"name":"viewport","content":"width=device-width, initial-scale=1"}],["$","meta","1",{"name":"theme-color","content":"#0a0a0a"}]]
10:[["$","meta","0",{"charSet":"utf-8"}],["$","title","1",{"children":"Kontakt — CarmaDesign3D — CarmaDesign3D"}],["$","meta","2",{"name":"description","content":"Sprechen Sie mit uns. Manufaktur bei Stuttgart."}],["$","meta","3",{"name":"application-name","content":"CarmaDesign3D"}],["$","meta","4",{"name":"author","content":"Max Adler"}],["$","meta","5",{"name":"generator","content":"Next.js"}],["$","meta","6",{"name":"keywords","content":"3D-Druck,Möbelskulptur,Raumgestaltung,Manufaktur,Affalterbach,Stuttgart"}],["$","link","7",{"rel":"canonical","href":"https://www.carmadesign3d.de/kontakt/"}],["$","meta","8",{"property":"og:title","content":"Kontakt — CarmaDesign3D"}],["$","meta","9",{"property":"og:description","content":"Sprechen Sie mit uns. Manufaktur bei Stuttgart."}],["$","meta","10",{"property":"og:url","content":"https://www.carmadesign3d.de/kontakt/"}],["$","meta","11",{"property":"og:site_name","content":"CarmaDesign3D"}],["$","meta","12",{"property":"og:locale","content":"de-DE"}],["$","meta","13",{"property":"og:type","content":"website"}],["$","meta","14",{"name":"twitter:card","content":"summary_large_image"}],["$","meta","15",{"name":"twitter:title","content":"Kontakt — CarmaDesign3D"}],["$","meta","16",{"name":"twitter:description","content":"Sprechen Sie mit uns. Manufaktur bei Stuttgart."}]]
e:null
